algs,dataset,weighted,accuracy,precision,recall,fscore,cv_mean,cv_std,runtime
svm,student,False,0.60,0.10,0.17,0.12,0.61,0.02,0.03
svm,student,False,0.63,0.11,0.17,0.13,0.60,0.01,0.03
svm,student,False,0.52,0.09,0.17,0.11,0.59,0.02,0.03
svm,contraceptive,False,0.44,0.41,0.40,0.39,0.53,0.02,0.06
svm,contraceptive,False,0.48,0.45,0.44,0.44,0.53,0.02,0.06
svm,contraceptive,False,0.52,0.52,0.50,0.49,0.53,0.02,0.06
svm,autism,False,0.99,0.98,0.98,0.98,0.99,0.01,0.02
svm,autism,False,0.96,0.98,0.93,0.95,0.98,0.01,0.02
svm,autism,False,0.97,0.98,0.95,0.96,0.99,0.01,0.02
svm,bankruptcy,False,0.94,0.93,0.95,0.94,0.98,0.01,0.01
svm,bankruptcy,False,0.98,0.98,0.98,0.98,0.98,0.01,0.01
svm,bankruptcy,False,0.94,0.94,0.95,0.94,0.99,0.02,0.01
svm,breast_cancer,False,0.96,0.96,0.96,0.96,0.96,0.02,0.01
svm,breast_cancer,False,0.97,0.97,0.97,0.97,0.96,0.02,0.01
svm,breast_cancer,False,0.97,0.96,0.97,0.97,0.96,0.02,0.01
svm,horse,False,0.80,0.77,0.77,0.77,0.84,0.03,0.01
svm,horse,False,0.78,0.76,0.79,0.77,0.84,0.03,0.01
svm,horse,False,0.92,0.92,0.89,0.90,0.84,0.03,0.01
svm,hr,False,0.80,0.90,0.58,0.59,0.96,0.02,0.09
svm,hr,False,0.84,0.90,0.64,0.67,0.96,0.02,0.09
svm,hr,False,0.83,0.89,0.62,0.65,0.96,0.02,0.09
svm,english,False,0.61,0.63,0.61,0.60,0.54,0.10,0.01
svm,english,False,0.55,0.48,0.55,0.48,0.55,0.10,0.01
svm,english,False,0.48,0.47,0.48,0.45,0.53,0.13,0.01
svm,phishing,False,0.84,0.55,0.61,0.58,0.86,0.03,0.03
svm,phishing,False,0.82,0.55,0.58,0.57,0.86,0.02,0.03
svm,phishing,False,0.84,0.56,0.60,0.58,0.86,0.03,0.03
svm,wine,False,0.50,0.15,0.18,0.16,0.52,0.02,0.62
svm,wine,False,0.49,0.17,0.21,0.18,0.52,0.02,0.62
svm,wine,False,0.50,0.16,0.18,0.16,0.52,0.01,0.62
svm,congress,False,0.95,0.95,0.95,0.95,0.95,0.01,0.02
svm,congress,False,0.93,0.93,0.92,0.93,0.95,0.01,0.02
svm,congress,False,0.95,0.95,0.95,0.95,0.95,0.01,0.02
knn,student,False,0.53,0.31,0.23,0.23,0.60,0.01,0.04
knn,student,False,0.52,0.25,0.22,0.22,0.60,0.02,0.04
knn,student,False,0.48,0.24,0.20,0.20,0.60,0.02,0.04
knn,contraceptive,False,0.47,0.45,0.44,0.44,0.52,0.02,0.08
knn,contraceptive,False,0.48,0.46,0.46,0.46,0.52,0.01,0.08
knn,contraceptive,False,0.43,0.40,0.41,0.40,0.53,0.02,0.08
knn,autism,False,0.96,0.96,0.95,0.96,0.99,0.01,0.04
knn,autism,False,0.94,0.91,0.95,0.93,0.99,0.01,0.04
knn,autism,False,0.96,0.95,0.94,0.95,0.99,0.01,0.04
knn,bankruptcy,False,0.96,0.96,0.96,0.96,0.98,0.01,0.02
knn,bankruptcy,False,0.94,0.93,0.95,0.94,0.96,0.03,0.02
knn,bankruptcy,False,0.96,0.96,0.96,0.96,0.98,0.01,0.02
knn,breast_cancer,False,0.95,0.94,0.96,0.95,0.96,0.02,0.04
knn,breast_cancer,False,0.97,0.97,0.97,0.97,0.96,0.02,0.05
knn,breast_cancer,False,0.96,0.95,0.96,0.96,0.96,0.02,0.05
knn,horse,False,0.85,0.84,0.84,0.84,0.84,0.03,0.02
knn,horse,False,0.87,0.86,0.86,0.86,0.85,0.03,0.02
knn,horse,False,0.83,0.87,0.79,0.81,0.85,0.04,0.02
knn,hr,False,0.94,0.92,0.90,0.91,0.96,0.02,0.19
knn,hr,False,0.94,0.91,0.91,0.91,0.95,0.04,0.14
knn,hr,False,0.96,0.94,0.93,0.94,0.95,0.04,0.14
knn,english,False,0.32,0.33,0.39,0.32,0.57,0.11,0.01
knn,english,False,0.52,0.53,0.50,0.51,0.54,0.13,0.01
knn,english,False,0.35,0.34,0.36,0.35,0.57,0.11,0.01
knn,phishing,False,0.87,0.88,0.81,0.84,0.86,0.03,0.07
knn,phishing,False,0.85,0.81,0.73,0.76,0.86,0.02,0.07
knn,phishing,False,0.87,0.77,0.76,0.76,0.87,0.02,0.08
knn,wine,False,0.54,0.36,0.27,0.29,0.53,0.02,0.31
knn,wine,False,0.56,0.31,0.27,0.28,0.52,0.02,0.38
knn,wine,False,0.58,0.43,0.34,0.36,0.52,0.02,0.33
knn,congress,False,0.93,0.93,0.93,0.93,0.95,0.01,0.03
knn,congress,False,0.91,0.89,0.93,0.90,0.96,0.02,0.03
knn,congress,False,1.00,1.00,1.00,1.00,0.95,0.01,0.03
mnb,student,False,0.62,0.15,0.18,0.15,0.61,0.01,0.01
mnb,student,False,0.53,0.09,0.17,0.12,0.60,0.01,0.01
mnb,student,False,0.55,0.18,0.19,0.15,0.60,0.01,0.01
mnb,contraceptive,False,0.38,0.13,0.33,0.18,0.53,0.02,0.02
mnb,contraceptive,False,0.40,0.47,0.34,0.20,0.53,0.02,0.02
mnb,contraceptive,False,0.39,0.13,0.32,0.19,0.53,0.02,0.02
mnb,autism,False,0.91,0.89,0.85,0.86,0.99,0.01,0.01
mnb,autism,False,0.89,0.90,0.84,0.86,0.99,0.01,0.01
mnb,autism,False,0.90,0.90,0.86,0.87,0.99,0.01,0.01
mnb,bankruptcy,False,0.56,0.28,0.50,0.36,0.98,0.01,0.01
mnb,bankruptcy,False,0.58,0.30,0.48,0.37,0.98,0.01,0.01
mnb,bankruptcy,False,0.54,0.29,0.44,0.35,0.98,0.01,0.01
mnb,breast_cancer,False,0.93,0.95,0.89,0.91,0.96,0.02,0.01
mnb,breast_cancer,False,0.89,0.92,0.82,0.86,0.96,0.02,0.01
mnb,breast_cancer,False,0.91,0.94,0.87,0.90,0.96,0.02,0.01
mnb,horse,False,0.80,0.78,0.75,0.76,0.84,0.04,0.01
mnb,horse,False,0.83,0.88,0.82,0.82,0.85,0.03,0.01
mnb,horse,False,0.77,0.72,0.66,0.67,0.85,0.04,0.01
mnb,hr,False,0.77,0.38,0.50,0.43,0.96,0.02,0.02
mnb,hr,False,0.77,0.39,0.50,0.44,0.96,0.02,0.02
mnb,hr,False,0.77,0.39,0.50,0.44,0.96,0.01,0.02
mnb,english,False,0.35,0.35,0.39,0.34,0.55,0.13,0.01
mnb,english,False,0.48,0.50,0.48,0.48,0.55,0.10,0.01
mnb,english,False,0.42,0.51,0.46,0.40,0.55,0.12,0.01
mnb,phishing,False,0.80,0.55,0.54,0.53,0.86,0.02,0.01
mnb,phishing,False,0.71,0.49,0.52,0.49,0.86,0.03,0.01
mnb,phishing,False,0.73,0.50,0.49,0.48,0.87,0.02,0.01
mnb,wine,False,0.44,0.07,0.17,0.10,0.52,0.02,0.05
mnb,wine,False,0.45,0.06,0.14,0.09,0.53,0.02,0.05
mnb,wine,False,0.44,0.06,0.14,0.09,0.52,0.02,0.05
mnb,congress,False,0.89,0.87,0.88,0.87,0.96,0.02,0.02
mnb,congress,False,0.86,0.88,0.88,0.86,0.95,0.01,0.02
mnb,congress,False,1.00,1.00,1.00,1.00,0.95,0.01,0.02
rf,student,False,0.90,0.88,0.80,0.83,0.61,0.02,0.08
rf,student,False,0.96,0.93,0.91,0.91,0.60,0.01,0.08
rf,student,False,0.92,0.91,0.78,0.79,0.60,0.02,0.08
rf,contraceptive,False,0.48,0.45,0.45,0.45,0.53,0.02,0.16
rf,contraceptive,False,0.49,0.46,0.45,0.45,0.54,0.02,0.16
rf,contraceptive,False,0.52,0.50,0.49,0.49,0.53,0.01,0.18
rf,autism,False,0.99,0.98,0.98,0.98,0.99,0.01,0.08
rf,autism,False,1.00,1.00,1.00,1.00,0.98,0.01,0.09
rf,autism,False,1.00,1.00,1.00,1.00,0.99,0.01,0.08
rf,bankruptcy,False,1.00,1.00,1.00,1.00,0.98,0.01,0.03
rf,bankruptcy,False,1.00,1.00,1.00,1.00,0.98,0.01,0.03
rf,bankruptcy,False,1.00,1.00,1.00,1.00,0.98,0.01,0.03
rf,breast_cancer,False,0.97,0.97,0.96,0.97,0.96,0.02,0.08
rf,breast_cancer,False,0.96,0.95,0.95,0.95,0.96,0.02,0.10
rf,breast_cancer,False,0.98,0.97,0.98,0.98,0.96,0.02,0.08
rf,horse,False,0.85,0.86,0.81,0.83,0.83,0.03,0.04
rf,horse,False,0.88,0.92,0.84,0.86,0.84,0.04,0.04
rf,horse,False,0.88,0.86,0.90,0.87,0.85,0.03,0.04
rf,hr,False,0.99,0.99,0.98,0.98,0.96,0.02,0.25
rf,hr,False,0.99,0.99,0.98,0.98,0.96,0.02,0.29
rf,hr,False,0.99,0.99,0.99,0.99,0.96,0.01,0.28
rf,english,False,0.74,0.76,0.76,0.74,0.55,0.13,0.03
rf,english,False,0.65,0.65,0.65,0.64,0.55,0.12,0.03
rf,english,False,0.55,0.58,0.57,0.55,0.55,0.13,0.03
rf,phishing,False,0.84,0.82,0.82,0.82,0.86,0.03,0.14
rf,phishing,False,0.93,0.90,0.88,0.89,0.86,0.02,0.13
rf,phishing,False,0.87,0.90,0.82,0.85,0.86,0.03,0.14
rf,wine,False,0.65,0.56,0.45,0.49,0.52,0.02,0.53
rf,wine,False,0.64,0.44,0.33,0.36,0.52,0.02,0.52
rf,wine,False,0.68,0.48,0.37,0.40,0.52,0.01,0.52
rf,congress,False,0.98,0.98,0.97,0.98,0.95,0.01,0.05
rf,congress,False,0.93,0.92,0.93,0.93,0.96,0.02,0.05
rf,congress,False,0.93,0.93,0.92,0.93,0.95,0.01,0.05
mlp,student,False,0.65,0.39,0.35,0.35,0.60,0.02,0.41
mlp,student,False,0.70,0.58,0.43,0.45,0.59,0.02,0.40
mlp,student,False,0.65,0.48,0.39,0.42,0.59,0.01,0.42
mlp,contraceptive,False,0.59,0.58,0.57,0.57,0.53,0.02,0.60
mlp,contraceptive,False,0.59,0.56,0.56,0.56,0.53,0.02,0.65
mlp,contraceptive,False,0.49,0.45,0.45,0.45,0.52,0.02,0.67
mlp,autism,False,1.00,1.00,1.00,1.00,0.98,0.01,0.38
mlp,autism,False,0.94,0.91,0.93,0.92,0.99,0.01,0.35
mlp,autism,False,0.96,0.92,0.96,0.94,0.99,0.01,0.36
mlp,bankruptcy,False,0.86,0.89,0.86,0.86,0.97,0.02,0.12
mlp,bankruptcy,False,0.88,0.84,0.89,0.86,0.96,0.04,0.11
mlp,bankruptcy,False,0.92,0.92,0.92,0.92,0.99,0.01,0.12
mlp,breast_cancer,False,0.95,0.94,0.94,0.94,0.96,0.02,0.29
mlp,breast_cancer,False,0.95,0.95,0.94,0.95,0.96,0.02,0.29
mlp,breast_cancer,False,0.96,0.95,0.97,0.96,0.96,0.02,0.31
mlp,horse,False,0.82,0.78,0.77,0.77,0.85,0.04,0.12
mlp,horse,False,0.83,0.83,0.83,0.83,0.84,0.04,0.13
mlp,horse,False,0.90,0.91,0.83,0.86,0.84,0.03,0.13
mlp,hr,False,0.98,0.97,0.96,0.97,0.96,0.02,1.18
mlp,hr,False,0.97,0.97,0.95,0.96,0.96,0.02,1.13
mlp,hr,False,0.98,0.97,0.96,0.96,0.94,0.05,1.18
mlp,english,False,0.48,0.48,0.54,0.48,0.56,0.11,0.11
mlp,english,False,0.48,0.51,0.49,0.49,0.56,0.11,0.09
mlp,english,False,0.58,0.60,0.58,0.58,0.55,0.13,0.09
mlp,phishing,False,0.88,0.89,0.77,0.80,0.86,0.02,0.67
mlp,phishing,False,0.87,0.76,0.74,0.75,0.86,0.02,0.63
mlp,phishing,False,0.81,0.73,0.67,0.69,0.86,0.02,0.65
mlp,wine,False,0.53,0.33,0.25,0.25,0.52,0.03,1.24
mlp,wine,False,0.56,0.38,0.26,0.26,0.52,0.02,1.18
mlp,wine,False,0.54,0.39,0.24,0.25,0.53,0.02,1.14
mlp,congress,False,1.00,1.00,1.00,1.00,0.96,0.02,0.14
mlp,congress,False,0.95,0.94,0.96,0.95,0.95,0.02,0.15
mlp,congress,False,1.00,1.00,1.00,1.00,0.96,0.02,0.13
svm knn mnb,student,False,0.55,0.09,0.17,0.12,0.60,0.01,0.08
svm knn mnb,student,False,0.60,0.10,0.17,0.12,0.60,0.02,0.07
svm knn mnb,student,False,0.54,0.09,0.16,0.12,0.60,0.01,0.07
svm knn mnb,contraceptive,False,0.45,0.49,0.40,0.35,0.53,0.02,0.15
svm knn mnb,contraceptive,False,0.49,0.50,0.44,0.42,0.54,0.02,0.15
svm knn mnb,contraceptive,False,0.50,0.50,0.43,0.41,0.52,0.02,0.17
svm knn mnb,autism,False,0.98,0.99,0.96,0.97,0.99,0.01,0.06
svm knn mnb,autism,False,0.98,0.99,0.96,0.97,0.99,0.01,0.06
svm knn mnb,autism,False,0.96,0.94,0.95,0.95,0.98,0.01,0.06
svm knn mnb,bankruptcy,False,0.98,0.98,0.98,0.98,0.98,0.01,0.02
svm knn mnb,bankruptcy,False,0.96,0.96,0.96,0.96,0.98,0.01,0.02
svm knn mnb,bankruptcy,False,0.94,0.94,0.94,0.94,0.97,0.03,0.02
svm knn mnb,breast_cancer,False,0.98,0.98,0.98,0.98,0.96,0.02,0.05
svm knn mnb,breast_cancer,False,0.98,0.98,0.98,0.98,0.96,0.02,0.05
svm knn mnb,breast_cancer,False,0.97,0.97,0.97,0.97,0.96,0.02,0.05
svm knn mnb,horse,False,0.87,0.84,0.84,0.84,0.83,0.04,0.04
svm knn mnb,horse,False,0.80,0.80,0.78,0.79,0.85,0.03,0.03
svm knn mnb,horse,False,0.90,0.91,0.87,0.89,0.84,0.03,0.03
svm knn mnb,hr,False,0.84,0.92,0.65,0.68,0.96,0.03,0.24
svm knn mnb,hr,False,0.84,0.90,0.63,0.66,0.96,0.01,0.23
svm knn mnb,hr,False,0.83,0.87,0.65,0.68,0.96,0.01,0.24
svm knn mnb,english,False,0.45,0.50,0.47,0.45,0.55,0.13,0.02
svm knn mnb,english,False,0.55,0.63,0.61,0.54,0.55,0.12,0.02
svm knn mnb,english,False,0.35,0.54,0.42,0.34,0.55,0.12,0.02
svm knn mnb,phishing,False,0.83,0.55,0.59,0.57,0.86,0.03,0.12
svm knn mnb,phishing,False,0.83,0.56,0.60,0.58,0.86,0.02,0.12
svm knn mnb,phishing,False,0.82,0.55,0.60,0.57,0.86,0.02,0.11
svm knn mnb,wine,False,0.53,0.21,0.19,0.18,0.53,0.02,0.95
svm knn mnb,wine,False,0.51,0.20,0.18,0.17,0.52,0.02,0.95
svm knn mnb,wine,False,0.49,0.17,0.18,0.16,0.52,0.02,0.97
svm knn mnb,congress,False,0.93,0.93,0.92,0.93,0.96,0.02,0.03
svm knn mnb,congress,False,0.86,0.87,0.86,0.86,0.95,0.01,0.03
svm knn mnb,congress,False,0.91,0.91,0.91,0.91,0.95,0.02,0.03
svm knn rf,student,False,0.65,0.49,0.29,0.30,0.60,0.01,0.14
svm knn rf,student,False,0.55,0.59,0.31,0.32,0.60,0.02,0.14
svm knn rf,student,False,0.68,0.69,0.50,0.52,0.61,0.02,0.18
svm knn rf,contraceptive,False,0.55,0.52,0.50,0.50,0.53,0.02,0.32
svm knn rf,contraceptive,False,0.51,0.50,0.48,0.48,0.52,0.03,0.30
svm knn rf,contraceptive,False,0.49,0.47,0.46,0.45,0.53,0.02,0.30
svm knn rf,autism,False,1.00,1.00,1.00,1.00,0.99,0.01,0.13
svm knn rf,autism,False,0.99,0.99,0.99,0.99,0.99,0.01,0.13
svm knn rf,autism,False,0.99,0.99,1.00,0.99,0.99,0.01,0.13
svm knn rf,bankruptcy,False,0.98,0.97,0.98,0.98,0.97,0.02,0.05
svm knn rf,bankruptcy,False,1.00,1.00,1.00,1.00,0.98,0.01,0.05
svm knn rf,bankruptcy,False,0.96,0.96,0.96,0.96,0.98,0.01,0.05
svm knn rf,breast_cancer,False,0.96,0.96,0.96,0.96,0.96,0.02,0.12
svm knn rf,breast_cancer,False,0.96,0.96,0.95,0.96,0.96,0.02,0.12
svm knn rf,breast_cancer,False,0.98,0.97,0.98,0.98,0.96,0.02,0.13
svm knn rf,horse,False,0.78,0.78,0.78,0.78,0.83,0.04,0.06
svm knn rf,horse,False,0.87,0.83,0.85,0.84,0.85,0.03,0.06
svm knn rf,horse,False,0.88,0.88,0.88,0.88,0.84,0.02,0.06
svm knn rf,hr,False,0.98,0.99,0.96,0.97,0.96,0.02,0.48
svm knn rf,hr,False,0.97,0.97,0.94,0.95,0.95,0.04,0.48
svm knn rf,hr,False,0.97,0.98,0.94,0.96,0.94,0.06,0.47
svm knn rf,english,False,0.55,0.59,0.53,0.53,0.56,0.11,0.04
svm knn rf,english,False,0.55,0.52,0.51,0.51,0.55,0.10,0.04
svm knn rf,english,False,0.45,0.46,0.45,0.44,0.57,0.11,0.04
svm knn rf,phishing,False,0.86,0.87,0.76,0.79,0.87,0.03,0.24
svm knn rf,phishing,False,0.87,0.86,0.76,0.79,0.86,0.02,0.24
svm knn rf,phishing,False,0.89,0.87,0.77,0.80,0.86,0.02,0.26
svm knn rf,wine,False,0.60,0.48,0.29,0.32,0.52,0.02,1.42
svm knn rf,wine,False,0.63,0.50,0.30,0.33,0.52,0.02,1.43
svm knn rf,wine,False,0.59,0.43,0.28,0.30,0.52,0.02,1.49
svm knn rf,congress,False,0.93,0.92,0.95,0.93,0.95,0.01,0.07
svm knn rf,congress,False,0.91,0.91,0.92,0.91,0.96,0.02,0.07
svm knn rf,congress,False,0.91,0.91,0.91,0.91,0.95,0.01,0.05
svm knn mlp,student,False,0.66,0.37,0.29,0.28,0.60,0.02,0.44
svm knn mlp,student,False,0.60,0.28,0.22,0.21,0.60,0.02,0.43
svm knn mlp,student,False,0.65,0.36,0.25,0.25,0.60,0.02,0.44
svm knn mlp,contraceptive,False,0.48,0.47,0.44,0.45,0.52,0.02,0.69
svm knn mlp,contraceptive,False,0.53,0.52,0.50,0.51,0.52,0.01,0.67
svm knn mlp,contraceptive,False,0.55,0.53,0.51,0.51,0.53,0.02,0.79
svm knn mlp,autism,False,0.97,0.97,0.97,0.97,0.99,0.01,0.38
svm knn mlp,autism,False,0.97,0.95,0.97,0.96,0.99,0.01,0.39
svm knn mlp,autism,False,0.99,0.99,1.00,0.99,0.99,0.01,0.42
svm knn mlp,bankruptcy,False,0.94,0.93,0.95,0.94,0.98,0.01,0.13
svm knn mlp,bankruptcy,False,0.98,0.98,0.98,0.98,0.97,0.02,0.13
svm knn mlp,bankruptcy,False,0.92,0.93,0.92,0.92,0.98,0.01,0.13
svm knn mlp,breast_cancer,False,0.95,0.95,0.95,0.95,0.96,0.02,0.39
svm knn mlp,breast_cancer,False,0.98,0.97,0.98,0.98,0.96,0.02,0.33
svm knn mlp,breast_cancer,False,0.97,0.96,0.98,0.97,0.96,0.02,0.33
svm knn mlp,horse,False,0.82,0.79,0.78,0.79,0.85,0.03,0.15
svm knn mlp,horse,False,0.85,0.82,0.85,0.83,0.85,0.03,0.16
svm knn mlp,horse,False,0.82,0.84,0.80,0.81,0.84,0.04,0.11
svm knn mlp,hr,False,0.97,0.97,0.93,0.95,0.96,0.02,1.27
svm knn mlp,hr,False,0.97,0.96,0.95,0.95,0.96,0.03,1.19
svm knn mlp,hr,False,0.96,0.96,0.92,0.94,0.97,0.01,1.24
svm knn mlp,english,False,0.42,0.44,0.44,0.42,0.57,0.11,0.10
svm knn mlp,english,False,0.58,0.55,0.60,0.53,0.55,0.12,0.10
svm knn mlp,english,False,0.52,0.51,0.54,0.50,0.55,0.12,0.11
svm knn mlp,phishing,False,0.85,0.79,0.69,0.70,0.87,0.02,0.75
svm knn mlp,phishing,False,0.85,0.83,0.66,0.68,0.86,0.03,0.74
svm knn mlp,phishing,False,0.85,0.68,0.63,0.64,0.86,0.02,0.74
svm knn mlp,wine,False,0.53,0.29,0.22,0.21,0.53,0.02,1.91
svm knn mlp,wine,False,0.55,0.34,0.25,0.26,0.52,0.02,2.00
svm knn mlp,wine,False,0.55,0.33,0.25,0.25,0.53,0.02,2.07
svm knn mlp,congress,False,0.95,0.95,0.95,0.95,0.96,0.02,0.15
svm knn mlp,congress,False,0.93,0.93,0.93,0.93,0.95,0.01,0.15
svm knn mlp,congress,False,0.95,0.94,0.94,0.94,0.96,0.02,0.15
svm mnb rf,student,False,0.51,0.14,0.17,0.12,0.60,0.02,0.11
svm mnb rf,student,False,0.58,0.26,0.18,0.14,0.60,0.01,0.11
svm mnb rf,student,False,0.55,0.31,0.21,0.16,0.60,0.01,0.10
svm mnb rf,contraceptive,False,0.53,0.63,0.49,0.49,0.53,0.02,0.22
svm mnb rf,contraceptive,False,0.50,0.54,0.45,0.42,0.52,0.02,0.22
svm mnb rf,contraceptive,False,0.55,0.54,0.46,0.45,0.53,0.01,0.23
svm mnb rf,autism,False,0.97,0.97,0.94,0.95,0.98,0.01,0.10
svm mnb rf,autism,False,0.96,0.96,0.93,0.95,0.99,0.01,0.09
svm mnb rf,autism,False,0.99,0.99,0.98,0.98,0.99,0.01,0.09
svm mnb rf,bankruptcy,False,0.98,0.97,0.98,0.98,0.98,0.01,0.04
svm mnb rf,bankruptcy,False,1.00,1.00,1.00,1.00,0.98,0.02,0.04
svm mnb rf,bankruptcy,False,1.00,1.00,1.00,1.00,0.98,0.01,0.04
svm mnb rf,breast_cancer,False,0.94,0.93,0.94,0.93,0.96,0.02,0.09
svm mnb rf,breast_cancer,False,0.96,0.96,0.96,0.96,0.96,0.02,0.09
svm mnb rf,breast_cancer,False,0.94,0.95,0.93,0.93,0.96,0.02,0.09
svm mnb rf,horse,False,0.85,0.90,0.80,0.82,0.84,0.03,0.05
svm mnb rf,horse,False,0.83,0.84,0.81,0.82,0.85,0.03,0.05
svm mnb rf,horse,False,0.93,0.94,0.92,0.93,0.84,0.03,0.05
svm mnb rf,hr,False,0.85,0.92,0.64,0.67,0.96,0.01,0.35
svm mnb rf,hr,False,0.85,0.92,0.66,0.70,0.96,0.02,0.34
svm mnb rf,hr,False,0.85,0.92,0.64,0.67,0.96,0.02,0.35
svm mnb rf,english,False,0.61,0.58,0.58,0.56,0.57,0.11,0.03
svm mnb rf,english,False,0.35,0.33,0.35,0.34,0.56,0.11,0.03
svm mnb rf,english,False,0.48,0.59,0.51,0.49,0.55,0.12,0.03
svm mnb rf,phishing,False,0.81,0.54,0.60,0.57,0.86,0.02,0.18
svm mnb rf,phishing,False,0.86,0.58,0.61,0.59,0.86,0.02,0.18
svm mnb rf,phishing,False,0.86,0.58,0.61,0.60,0.86,0.02,0.18
svm mnb rf,wine,False,0.54,0.32,0.25,0.25,0.53,0.02,1.16
svm mnb rf,wine,False,0.53,0.24,0.20,0.18,0.52,0.02,1.15
svm mnb rf,wine,False,0.54,0.29,0.21,0.19,0.52,0.02,1.21
svm mnb rf,congress,False,0.91,0.87,0.94,0.89,0.95,0.01,0.05
svm mnb rf,congress,False,0.89,0.88,0.90,0.88,0.96,0.02,0.05
svm mnb rf,congress,False,0.95,0.95,0.96,0.95,0.96,0.02,0.05
svm mnb mlp,student,False,0.58,0.12,0.19,0.15,0.60,0.01,0.39
svm mnb mlp,student,False,0.52,0.20,0.18,0.15,0.60,0.01,0.41
svm mnb mlp,student,False,0.55,0.17,0.18,0.14,0.60,0.01,0.40
svm mnb mlp,contraceptive,False,0.53,0.54,0.49,0.49,0.53,0.02,0.63
svm mnb mlp,contraceptive,False,0.48,0.45,0.43,0.42,0.53,0.02,0.71
svm mnb mlp,contraceptive,False,0.48,0.45,0.42,0.40,0.54,0.02,0.56
svm mnb mlp,autism,False,0.97,0.97,0.97,0.97,0.99,0.01,0.43
svm mnb mlp,autism,False,0.98,0.97,0.96,0.97,0.99,0.01,0.37
svm mnb mlp,autism,False,0.96,0.96,0.96,0.96,0.99,0.01,0.35
svm mnb mlp,bankruptcy,False,0.82,0.82,0.81,0.82,0.98,0.01,0.12
svm mnb mlp,bankruptcy,False,0.88,0.87,0.87,0.87,0.98,0.01,0.12
svm mnb mlp,bankruptcy,False,0.94,0.94,0.94,0.94,0.98,0.01,0.12
svm mnb mlp,breast_cancer,False,0.95,0.94,0.94,0.94,0.96,0.02,0.24
svm mnb mlp,breast_cancer,False,0.96,0.96,0.96,0.96,0.95,0.02,0.30
svm mnb mlp,breast_cancer,False,0.94,0.94,0.93,0.94,0.96,0.02,0.32
svm mnb mlp,horse,False,0.85,0.82,0.85,0.83,0.86,0.03,0.13
svm mnb mlp,horse,False,0.82,0.78,0.79,0.79,0.84,0.04,0.12
svm mnb mlp,horse,False,0.82,0.84,0.78,0.79,0.84,0.03,0.12
svm mnb mlp,hr,False,0.82,0.89,0.63,0.66,0.96,0.01,1.12
svm mnb mlp,hr,False,0.84,0.90,0.61,0.64,0.94,0.06,1.11
svm mnb mlp,hr,False,0.79,0.86,0.63,0.64,0.96,0.02,1.11
svm mnb mlp,english,False,0.45,0.52,0.47,0.45,0.55,0.12,0.10
svm mnb mlp,english,False,0.48,0.43,0.45,0.43,0.56,0.11,0.09
svm mnb mlp,english,False,0.58,0.60,0.59,0.57,0.53,0.12,0.10
svm mnb mlp,phishing,False,0.85,0.57,0.60,0.58,0.86,0.02,0.67
svm mnb mlp,phishing,False,0.84,0.56,0.60,0.58,0.86,0.03,0.66
svm mnb mlp,phishing,False,0.83,0.56,0.60,0.57,0.86,0.02,0.68
svm mnb mlp,wine,False,0.54,0.36,0.24,0.22,0.53,0.02,2.49
svm mnb mlp,wine,False,0.52,0.25,0.20,0.18,0.52,0.01,1.75
svm mnb mlp,wine,False,0.51,0.30,0.19,0.17,0.52,0.02,1.81
svm mnb mlp,congress,False,0.95,0.94,0.97,0.95,0.95,0.01,0.17
svm mnb mlp,congress,False,0.98,0.98,0.97,0.98,0.95,0.01,0.15
svm mnb mlp,congress,False,1.00,1.00,1.00,1.00,0.96,0.02,0.15
svm rf mlp,student,False,0.71,0.56,0.46,0.47,0.60,0.02,0.49
svm rf mlp,student,False,0.75,0.66,0.48,0.52,0.60,0.01,0.48
svm rf mlp,student,False,0.75,0.63,0.49,0.54,0.61,0.02,0.48
svm rf mlp,contraceptive,False,0.54,0.52,0.51,0.51,0.53,0.02,0.88
svm rf mlp,contraceptive,False,0.55,0.55,0.52,0.52,0.52,0.03,0.87
svm rf mlp,contraceptive,False,0.52,0.48,0.48,0.48,0.52,0.03,0.72
svm rf mlp,autism,False,0.99,0.98,1.00,0.99,0.99,0.01,0.43
svm rf mlp,autism,False,0.99,0.98,0.99,0.98,0.99,0.01,0.43
svm rf mlp,autism,False,1.00,1.00,1.00,1.00,0.99,0.01,0.42
svm rf mlp,bankruptcy,False,0.96,0.96,0.96,0.96,0.98,0.01,0.15
svm rf mlp,bankruptcy,False,0.90,0.90,0.92,0.90,0.98,0.01,0.15
svm rf mlp,bankruptcy,False,0.98,0.98,0.98,0.98,0.98,0.01,0.15
svm rf mlp,breast_cancer,False,0.96,0.95,0.95,0.95,0.96,0.02,0.39
svm rf mlp,breast_cancer,False,0.99,0.98,0.99,0.98,0.96,0.02,0.38
svm rf mlp,breast_cancer,False,0.97,0.97,0.97,0.97,0.96,0.02,0.35
svm rf mlp,horse,False,0.83,0.82,0.82,0.82,0.84,0.03,0.12
svm rf mlp,horse,False,0.85,0.85,0.84,0.84,0.85,0.04,0.23
svm rf mlp,horse,False,0.82,0.82,0.80,0.80,0.86,0.03,0.16
svm rf mlp,hr,False,0.99,1.00,0.99,0.99,0.96,0.01,1.38
svm rf mlp,hr,False,0.99,0.99,0.98,0.99,0.96,0.02,1.34
svm rf mlp,hr,False,0.98,0.99,0.97,0.98,0.96,0.02,1.32
svm rf mlp,english,False,0.65,0.71,0.66,0.65,0.55,0.12,0.11
svm rf mlp,english,False,0.52,0.51,0.52,0.48,0.56,0.10,0.14
svm rf mlp,english,False,0.52,0.57,0.53,0.50,0.57,0.11,0.11
svm rf mlp,phishing,False,0.83,0.89,0.67,0.70,0.86,0.02,0.79
svm rf mlp,phishing,False,0.86,0.85,0.67,0.69,0.86,0.02,0.81
svm rf mlp,phishing,False,0.86,0.77,0.69,0.71,0.86,0.02,0.79
svm rf mlp,wine,False,0.58,0.33,0.24,0.25,0.53,0.01,3.03
svm rf mlp,wine,False,0.54,0.46,0.28,0.29,0.53,0.02,2.94
svm rf mlp,wine,False,0.57,0.36,0.24,0.25,0.52,0.02,2.48
svm rf mlp,congress,False,0.95,0.95,0.96,0.95,0.95,0.01,0.16
svm rf mlp,congress,False,0.93,0.93,0.91,0.92,0.95,0.01,0.16
svm rf mlp,congress,False,0.91,0.89,0.93,0.90,0.95,0.01,0.17
knn mnb rf,student,False,0.68,0.74,0.48,0.50,0.59,0.01,0.12
knn mnb rf,student,False,0.65,0.31,0.26,0.25,0.59,0.00,0.12
knn mnb rf,student,False,0.67,0.46,0.30,0.31,0.60,0.01,0.12
knn mnb rf,contraceptive,False,0.46,0.46,0.42,0.39,0.54,0.01,0.25
knn mnb rf,contraceptive,False,0.49,0.45,0.42,0.41,0.52,0.01,0.25
knn mnb rf,contraceptive,False,0.53,0.54,0.46,0.46,0.53,0.02,0.25
knn mnb rf,autism,False,0.96,0.94,0.97,0.95,0.99,0.01,0.12
knn mnb rf,autism,False,0.96,0.95,0.95,0.95,0.98,0.01,0.13
knn mnb rf,autism,False,0.97,0.98,0.95,0.96,0.99,0.01,0.12
knn mnb rf,bankruptcy,False,1.00,1.00,1.00,1.00,0.98,0.01,0.05
knn mnb rf,bankruptcy,False,1.00,1.00,1.00,1.00,0.98,0.01,0.05
knn mnb rf,bankruptcy,False,1.00,1.00,1.00,1.00,0.98,0.01,0.05
knn mnb rf,breast_cancer,False,0.96,0.96,0.96,0.96,0.96,0.02,0.12
knn mnb rf,breast_cancer,False,0.95,0.95,0.94,0.95,0.96,0.02,0.12
knn mnb rf,breast_cancer,False,0.94,0.93,0.95,0.94,0.96,0.02,0.12
knn mnb rf,horse,False,0.88,0.88,0.85,0.86,0.84,0.04,0.06
knn mnb rf,horse,False,0.90,0.93,0.88,0.89,0.83,0.03,0.06
knn mnb rf,horse,False,0.87,0.85,0.85,0.85,0.85,0.03,0.06
knn mnb rf,hr,False,0.98,0.98,0.95,0.97,0.96,0.02,0.41
knn mnb rf,hr,False,0.97,0.98,0.94,0.96,0.96,0.01,0.42
knn mnb rf,hr,False,0.97,0.98,0.93,0.95,0.97,0.01,0.41
knn mnb rf,english,False,0.52,0.58,0.56,0.50,0.54,0.12,0.04
knn mnb rf,english,False,0.65,0.73,0.66,0.65,0.57,0.11,0.04
knn mnb rf,english,False,0.58,0.60,0.58,0.57,0.57,0.11,0.04
knn mnb rf,phishing,False,0.86,0.84,0.71,0.75,0.86,0.02,0.22
knn mnb rf,phishing,False,0.88,0.89,0.77,0.81,0.86,0.03,0.22
knn mnb rf,phishing,False,0.87,0.92,0.74,0.79,0.86,0.02,0.22
knn mnb rf,wine,False,0.61,0.46,0.29,0.32,0.53,0.02,0.86
knn mnb rf,wine,False,0.61,0.60,0.39,0.42,0.53,0.02,0.94
knn mnb rf,wine,False,0.59,0.49,0.30,0.32,0.53,0.02,0.87
knn mnb rf,congress,False,0.93,0.91,0.95,0.92,0.95,0.01,0.06
knn mnb rf,congress,False,0.98,0.97,0.98,0.98,0.95,0.02,0.05
knn mnb rf,congress,False,1.00,1.00,1.00,1.00,0.95,0.01,0.05
knn mnb mlp,student,False,0.56,0.26,0.22,0.20,0.60,0.01,0.46
knn mnb mlp,student,False,0.63,0.37,0.21,0.20,0.59,0.01,0.44
knn mnb mlp,student,False,0.63,0.41,0.25,0.26,0.60,0.02,0.42
knn mnb mlp,contraceptive,False,0.52,0.55,0.47,0.45,0.53,0.02,0.54
knn mnb mlp,contraceptive,False,0.53,0.52,0.46,0.46,0.53,0.01,0.71
knn mnb mlp,contraceptive,False,0.53,0.55,0.47,0.46,0.53,0.01,0.58
knn mnb mlp,autism,False,0.96,0.94,0.97,0.95,0.99,0.01,0.39
knn mnb mlp,autism,False,0.99,0.97,0.99,0.98,0.99,0.01,0.38
knn mnb mlp,autism,False,0.99,0.97,0.99,0.98,0.99,0.01,0.42
knn mnb mlp,bankruptcy,False,0.88,0.87,0.88,0.88,0.98,0.01,0.14
knn mnb mlp,bankruptcy,False,0.90,0.90,0.90,0.90,0.98,0.01,0.13
knn mnb mlp,bankruptcy,False,0.96,0.96,0.96,0.96,0.98,0.01,0.13
knn mnb mlp,breast_cancer,False,0.97,0.97,0.97,0.97,0.96,0.02,0.33
knn mnb mlp,breast_cancer,False,0.97,0.97,0.97,0.97,0.96,0.02,0.33
knn mnb mlp,breast_cancer,False,0.96,0.96,0.96,0.96,0.96,0.02,0.31
knn mnb mlp,horse,False,0.80,0.77,0.77,0.77,0.84,0.03,0.13
knn mnb mlp,horse,False,0.78,0.81,0.78,0.78,0.84,0.04,0.19
knn mnb mlp,horse,False,0.88,0.90,0.87,0.88,0.84,0.03,0.15
knn mnb mlp,hr,False,0.97,0.96,0.94,0.95,0.94,0.06,1.17
knn mnb mlp,hr,False,0.97,0.97,0.93,0.95,0.96,0.02,1.13
knn mnb mlp,hr,False,0.96,0.96,0.92,0.94,0.95,0.03,1.14
knn mnb mlp,english,False,0.55,0.57,0.59,0.55,0.55,0.13,0.10
knn mnb mlp,english,False,0.52,0.51,0.52,0.51,0.57,0.11,0.10
knn mnb mlp,english,False,0.61,0.67,0.62,0.61,0.56,0.11,0.10
knn mnb mlp,phishing,False,0.86,0.80,0.75,0.77,0.86,0.02,0.69
knn mnb mlp,phishing,False,0.85,0.76,0.66,0.68,0.86,0.03,0.71
knn mnb mlp,phishing,False,0.84,0.89,0.66,0.68,0.86,0.02,0.70
knn mnb mlp,wine,False,0.52,0.31,0.22,0.23,0.52,0.02,2.30
knn mnb mlp,wine,False,0.54,0.29,0.22,0.22,0.52,0.02,1.20
knn mnb mlp,wine,False,0.59,0.39,0.29,0.30,0.53,0.02,2.03
knn mnb mlp,congress,False,0.91,0.91,0.92,0.91,0.95,0.01,0.14
knn mnb mlp,congress,False,0.95,0.94,0.97,0.95,0.96,0.02,0.14
knn mnb mlp,congress,False,0.95,0.94,0.97,0.95,0.95,0.01,0.14
knn rf mlp,student,False,0.76,0.84,0.63,0.67,0.60,0.01,0.48
knn rf mlp,student,False,0.75,0.79,0.70,0.66,0.60,0.01,0.48
knn rf mlp,student,False,0.75,0.59,0.44,0.45,0.60,0.01,0.48
knn rf mlp,contraceptive,False,0.54,0.53,0.50,0.50,0.53,0.02,0.72
knn rf mlp,contraceptive,False,0.52,0.51,0.48,0.48,0.52,0.02,0.71
knn rf mlp,contraceptive,False,0.56,0.55,0.53,0.53,0.53,0.02,0.61
knn rf mlp,autism,False,0.99,0.99,1.00,0.99,0.99,0.01,0.52
knn rf mlp,autism,False,0.98,0.96,0.99,0.97,0.98,0.02,0.46
knn rf mlp,autism,False,0.99,0.98,0.98,0.98,0.99,0.01,0.45
knn rf mlp,bankruptcy,False,1.00,1.00,1.00,1.00,0.98,0.01,0.18
knn rf mlp,bankruptcy,False,1.00,1.00,1.00,1.00,0.98,0.01,0.17
knn rf mlp,bankruptcy,False,1.00,1.00,1.00,1.00,0.98,0.01,0.18
knn rf mlp,breast_cancer,False,0.96,0.97,0.96,0.96,0.96,0.02,0.43
knn rf mlp,breast_cancer,False,0.97,0.97,0.96,0.97,0.96,0.02,0.43
knn rf mlp,breast_cancer,False,0.95,0.94,0.95,0.95,0.96,0.02,0.42
knn rf mlp,horse,False,0.80,0.80,0.78,0.79,0.85,0.03,0.20
knn rf mlp,horse,False,0.80,0.81,0.77,0.78,0.84,0.03,0.14
knn rf mlp,horse,False,0.83,0.82,0.83,0.82,0.84,0.03,0.17
knn rf mlp,hr,False,0.97,0.97,0.95,0.96,0.96,0.02,1.43
knn rf mlp,hr,False,0.98,0.97,0.96,0.97,0.96,0.02,1.54
knn rf mlp,hr,False,0.97,0.96,0.96,0.96,0.96,0.01,1.41
knn rf mlp,english,False,0.55,0.53,0.54,0.52,0.54,0.12,0.12
knn rf mlp,english,False,0.65,0.66,0.62,0.61,0.55,0.12,0.12
knn rf mlp,english,False,0.68,0.67,0.66,0.66,0.55,0.12,0.12
knn rf mlp,phishing,False,0.90,0.93,0.78,0.83,0.86,0.02,0.85
knn rf mlp,phishing,False,0.85,0.83,0.74,0.77,0.86,0.02,0.85
knn rf mlp,phishing,False,0.89,0.83,0.76,0.79,0.86,0.02,0.86
knn rf mlp,wine,False,0.63,0.49,0.31,0.34,0.52,0.02,1.85
knn rf mlp,wine,False,0.62,0.52,0.34,0.36,0.52,0.02,1.63
knn rf mlp,wine,False,0.62,0.45,0.33,0.34,0.52,0.03,2.37
knn rf mlp,congress,False,0.95,0.95,0.96,0.95,0.95,0.01,0.17
knn rf mlp,congress,False,0.98,0.98,0.97,0.98,0.95,0.01,0.17
knn rf mlp,congress,False,1.00,1.00,1.00,1.00,0.96,0.02,0.18
mnb rf mlp,student,False,0.71,0.63,0.45,0.50,0.59,0.02,0.48
mnb rf mlp,student,False,0.77,0.65,0.48,0.53,0.60,0.01,0.46
mnb rf mlp,student,False,0.72,0.70,0.63,0.61,0.60,0.02,0.48
mnb rf mlp,contraceptive,False,0.52,0.55,0.47,0.45,0.52,0.01,0.56
mnb rf mlp,contraceptive,False,0.49,0.50,0.44,0.42,0.53,0.02,0.59
mnb rf mlp,contraceptive,False,0.50,0.52,0.45,0.43,0.52,0.02,0.54
mnb rf mlp,autism,False,0.99,0.99,0.99,0.99,0.99,0.01,0.43
mnb rf mlp,autism,False,0.98,0.97,0.98,0.97,0.99,0.01,0.46
mnb rf mlp,autism,False,0.99,0.98,0.98,0.98,0.98,0.01,0.42
mnb rf mlp,bankruptcy,False,0.96,0.95,0.97,0.96,0.98,0.01,0.15
mnb rf mlp,bankruptcy,False,0.98,0.99,0.97,0.98,0.98,0.01,0.15
mnb rf mlp,bankruptcy,False,0.98,0.98,0.98,0.98,0.98,0.01,0.15
mnb rf mlp,breast_cancer,False,0.96,0.96,0.96,0.96,0.96,0.02,0.37
mnb rf mlp,breast_cancer,False,0.95,0.95,0.94,0.95,0.96,0.02,0.37
mnb rf mlp,breast_cancer,False,0.94,0.95,0.92,0.93,0.96,0.02,0.34
mnb rf mlp,horse,False,0.75,0.74,0.72,0.72,0.85,0.03,0.19
mnb rf mlp,horse,False,0.82,0.81,0.80,0.80,0.85,0.03,0.18
mnb rf mlp,horse,False,0.85,0.88,0.82,0.83,0.84,0.03,0.14
mnb rf mlp,hr,False,0.98,0.99,0.96,0.97,0.96,0.01,1.30
mnb rf mlp,hr,False,0.98,0.99,0.95,0.97,0.96,0.02,1.28
mnb rf mlp,hr,False,0.97,0.98,0.94,0.96,0.96,0.02,1.31
mnb rf mlp,english,False,0.52,0.49,0.50,0.49,0.55,0.11,0.11
mnb rf mlp,english,False,0.55,0.60,0.59,0.55,0.56,0.11,0.11
mnb rf mlp,english,False,0.52,0.54,0.52,0.52,0.57,0.11,0.11
mnb rf mlp,phishing,False,0.85,0.78,0.73,0.75,0.87,0.02,0.77
mnb rf mlp,phishing,False,0.83,0.81,0.72,0.75,0.86,0.02,0.78
mnb rf mlp,phishing,False,0.86,0.81,0.70,0.73,0.86,0.02,0.79
mnb rf mlp,wine,False,0.57,0.32,0.26,0.26,0.52,0.02,2.20
mnb rf mlp,wine,False,0.60,0.34,0.27,0.28,0.52,0.02,2.11
mnb rf mlp,wine,False,0.55,0.36,0.24,0.26,0.52,0.02,2.01
mnb rf mlp,congress,False,1.00,1.00,1.00,1.00,0.96,0.02,0.17
mnb rf mlp,congress,False,0.98,0.97,0.98,0.98,0.95,0.01,0.16
mnb rf mlp,congress,False,0.91,0.93,0.89,0.90,0.95,0.01,0.16
svm knn mnb rf mlp,student,False,0.62,0.45,0.23,0.24,0.60,0.01,0.51
svm knn mnb rf mlp,student,False,0.63,0.38,0.23,0.23,0.60,0.01,0.52
svm knn mnb rf mlp,student,False,0.62,0.41,0.24,0.24,0.59,0.01,0.52
svm knn mnb rf mlp,contraceptive,False,0.52,0.57,0.48,0.46,0.53,0.02,0.77
svm knn mnb rf mlp,contraceptive,False,0.53,0.55,0.49,0.48,0.53,0.02,0.64
svm knn mnb rf mlp,contraceptive,False,0.57,0.57,0.52,0.52,0.53,0.03,0.64
svm knn mnb rf mlp,autism,False,0.99,0.99,0.98,0.98,0.99,0.01,0.47
svm knn mnb rf mlp,autism,False,0.96,0.94,0.97,0.95,0.99,0.01,0.48
svm knn mnb rf mlp,autism,False,0.99,0.99,0.98,0.98,0.99,0.01,0.53
svm knn mnb rf mlp,bankruptcy,False,0.98,0.98,0.98,0.98,0.98,0.01,0.17
svm knn mnb rf mlp,bankruptcy,False,1.00,1.00,1.00,1.00,0.98,0.01,0.17
svm knn mnb rf mlp,bankruptcy,False,0.98,0.98,0.98,0.98,0.98,0.01,0.16
svm knn mnb rf mlp,breast_cancer,False,0.94,0.93,0.93,0.93,0.96,0.02,0.38
svm knn mnb rf mlp,breast_cancer,False,0.97,0.96,0.97,0.97,0.96,0.02,0.41
svm knn mnb rf mlp,breast_cancer,False,0.97,0.96,0.97,0.97,0.96,0.02,0.43
svm knn mnb rf mlp,horse,False,0.72,0.72,0.70,0.70,0.85,0.03,0.18
svm knn mnb rf mlp,horse,False,0.88,0.88,0.85,0.86,0.85,0.04,0.18
svm knn mnb rf mlp,horse,False,0.83,0.82,0.82,0.82,0.85,0.02,0.19
svm knn mnb rf mlp,hr,False,0.97,0.98,0.92,0.95,0.96,0.02,1.55
svm knn mnb rf mlp,hr,False,0.99,0.99,0.98,0.99,0.97,0.01,1.53
svm knn mnb rf mlp,hr,False,0.96,0.97,0.92,0.95,0.94,0.06,1.53
svm knn mnb rf mlp,english,False,0.52,0.60,0.54,0.52,0.55,0.12,0.12
svm knn mnb rf mlp,english,False,0.55,0.57,0.59,0.55,0.55,0.11,0.13
svm knn mnb rf mlp,english,False,0.48,0.48,0.48,0.48,0.57,0.11,0.13
svm knn mnb rf mlp,phishing,False,0.86,0.82,0.72,0.74,0.86,0.02,0.89
svm knn mnb rf mlp,phishing,False,0.85,0.74,0.68,0.70,0.86,0.02,0.91
svm knn mnb rf mlp,phishing,False,0.84,0.79,0.68,0.70,0.86,0.03,0.90
svm knn mnb rf mlp,wine,False,0.56,0.38,0.22,0.22,0.52,0.03,3.27
svm knn mnb rf mlp,wine,False,0.56,0.30,0.22,0.21,0.52,0.02,2.46
svm knn mnb rf mlp,wine,False,0.54,0.31,0.21,0.20,0.52,0.02,2.83
svm knn mnb rf mlp,congress,False,0.98,0.98,0.97,0.98,0.95,0.01,0.18
svm knn mnb rf mlp,congress,False,0.98,0.98,0.96,0.97,0.95,0.01,0.17
svm knn mnb rf mlp,congress,False,0.98,0.97,0.98,0.97,0.96,0.02,0.18
svm,student,True,0.57,0.09,0.17,0.12,0.62,0.01,0.07
svm,student,True,0.51,0.08,0.17,0.11,0.62,0.01,0.06
svm,student,True,0.58,0.10,0.17,0.12,0.61,0.02,0.06
svm,contraceptive,True,0.48,0.47,0.43,0.42,0.54,0.02,0.13
svm,contraceptive,True,0.47,0.45,0.44,0.41,0.54,0.02,0.13
svm,contraceptive,True,0.49,0.48,0.46,0.46,0.54,0.03,0.13
svm,autism,True,0.96,0.96,0.94,0.95,0.99,0.01,0.03
svm,autism,True,0.99,0.99,0.97,0.98,0.98,0.01,0.03
svm,autism,True,0.97,0.98,0.94,0.96,0.99,0.01,0.03
svm,bankruptcy,True,0.92,0.91,0.94,0.92,0.98,0.01,0.01
svm,bankruptcy,True,1.00,1.00,1.00,1.00,0.98,0.01,0.01
svm,bankruptcy,True,1.00,1.00,1.00,1.00,0.99,0.02,0.01
svm,breast_cancer,True,0.99,0.98,0.98,0.98,0.96,0.02,0.02
svm,breast_cancer,True,0.95,0.94,0.95,0.94,0.96,0.02,0.02
svm,breast_cancer,True,0.97,0.97,0.97,0.97,0.96,0.02,0.02
svm,horse,True,0.73,0.72,0.72,0.72,0.85,0.03,0.02
svm,horse,True,0.75,0.75,0.73,0.73,0.84,0.04,0.02
svm,horse,True,0.85,0.86,0.81,0.83,0.84,0.03,0.02
svm,hr,True,0.84,0.88,0.62,0.66,0.96,0.02,0.18
svm,hr,True,0.83,0.88,0.63,0.65,0.96,0.02,0.17
svm,hr,True,0.86,0.91,0.66,0.70,0.96,0.01,0.18
svm,english,True,0.58,0.58,0.57,0.57,0.58,0.11,0.01
svm,english,True,0.48,0.57,0.55,0.48,0.58,0.12,0.01
svm,english,True,0.52,0.48,0.52,0.49,0.58,0.12,0.01
svm,phishing,True,0.82,0.55,0.60,0.57,0.87,0.02,0.06
svm,phishing,True,0.85,0.56,0.61,0.58,0.87,0.02,0.06
svm,phishing,True,0.85,0.56,0.60,0.58,0.86,0.02,0.06
svm,wine,True,0.51,0.17,0.22,0.19,0.53,0.03,1.43
svm,wine,True,0.51,0.18,0.21,0.19,0.52,0.02,1.43
svm,wine,True,0.53,0.18,0.22,0.20,0.52,0.02,1.45
svm,congress,True,1.00,1.00,1.00,1.00,0.96,0.02,0.02
svm,congress,True,0.93,0.92,0.90,0.91,0.96,0.02,0.02
svm,congress,True,0.93,0.93,0.92,0.93,0.95,0.01,0.02
knn,student,True,0.51,0.38,0.28,0.29,0.62,0.02,0.06
knn,student,True,0.53,0.18,0.18,0.18,0.62,0.01,0.06
knn,student,True,0.52,0.26,0.21,0.21,0.62,0.03,0.06
knn,contraceptive,True,0.46,0.45,0.45,0.45,0.53,0.02,0.10
knn,contraceptive,True,0.46,0.44,0.44,0.44,0.53,0.03,0.11
knn,contraceptive,True,0.45,0.43,0.43,0.43,0.53,0.02,0.11
knn,autism,True,0.96,0.96,0.94,0.95,0.99,0.01,0.05
knn,autism,True,0.96,0.95,0.97,0.96,0.98,0.01,0.06
knn,autism,True,0.96,0.95,0.97,0.96,0.99,0.01,0.06
knn,bankruptcy,True,0.88,0.88,0.90,0.88,0.98,0.01,0.02
knn,bankruptcy,True,0.94,0.95,0.93,0.94,0.97,0.04,0.02
knn,bankruptcy,True,0.96,0.96,0.96,0.96,0.98,0.01,0.02
knn,breast_cancer,True,0.96,0.96,0.96,0.96,0.96,0.02,0.05
knn,breast_cancer,True,0.96,0.95,0.95,0.95,0.96,0.02,0.05
knn,breast_cancer,True,0.96,0.96,0.95,0.96,0.96,0.02,0.05
knn,horse,True,0.90,0.91,0.88,0.89,0.84,0.03,0.03
knn,horse,True,0.80,0.79,0.73,0.74,0.84,0.03,0.03
knn,horse,True,0.88,0.90,0.86,0.87,0.84,0.04,0.03
knn,hr,True,0.95,0.93,0.92,0.92,0.95,0.05,0.18
knn,hr,True,0.94,0.92,0.91,0.92,0.96,0.01,0.18
knn,hr,True,0.96,0.93,0.94,0.94,0.96,0.01,0.18
knn,english,True,0.48,0.49,0.50,0.48,0.57,0.13,0.02
knn,english,True,0.48,0.49,0.49,0.49,0.58,0.12,0.02
knn,english,True,0.32,0.30,0.34,0.31,0.56,0.13,0.02
knn,phishing,True,0.88,0.85,0.77,0.80,0.87,0.02,0.09
knn,phishing,True,0.88,0.81,0.73,0.76,0.87,0.02,0.09
knn,phishing,True,0.87,0.87,0.79,0.81,0.86,0.02,0.09
knn,wine,True,0.55,0.38,0.32,0.34,0.52,0.03,0.46
knn,wine,True,0.57,0.58,0.39,0.43,0.53,0.02,0.45
knn,wine,True,0.57,0.34,0.28,0.29,0.52,0.02,0.45
knn,congress,True,0.95,0.95,0.95,0.95,0.95,0.01,0.03
knn,congress,True,0.93,0.93,0.93,0.93,0.95,0.02,0.03
knn,congress,True,0.95,0.95,0.95,0.95,0.95,0.01,0.03
mnb,student,True,0.57,0.19,0.19,0.16,0.63,0.01,0.02
mnb,student,True,0.59,0.26,0.18,0.15,0.63,0.02,0.02
mnb,student,True,0.55,0.20,0.19,0.16,0.62,0.02,0.02
mnb,contraceptive,True,0.46,0.29,0.37,0.30,0.52,0.02,0.02
mnb,contraceptive,True,0.42,0.41,0.33,0.24,0.54,0.01,0.02
mnb,contraceptive,True,0.45,0.46,0.36,0.28,0.52,0.02,0.02
mnb,autism,True,0.87,0.88,0.81,0.84,0.99,0.01,0.02
mnb,autism,True,0.88,0.87,0.83,0.85,0.99,0.01,0.01
mnb,autism,True,0.90,0.87,0.87,0.87,0.98,0.01,0.01
mnb,bankruptcy,True,0.50,0.25,0.50,0.33,0.98,0.01,0.01
mnb,bankruptcy,True,0.56,0.28,0.50,0.36,0.98,0.01,0.01
mnb,bankruptcy,True,0.58,0.31,0.45,0.37,0.97,0.02,0.01
mnb,breast_cancer,True,0.88,0.91,0.84,0.86,0.96,0.02,0.01
mnb,breast_cancer,True,0.87,0.91,0.83,0.85,0.96,0.02,0.01
mnb,breast_cancer,True,0.87,0.89,0.80,0.83,0.96,0.02,0.01
mnb,horse,True,0.88,0.87,0.86,0.86,0.84,0.04,0.01
mnb,horse,True,0.85,0.82,0.81,0.82,0.84,0.03,0.01
mnb,horse,True,0.88,0.90,0.85,0.87,0.85,0.04,0.01
mnb,hr,True,0.76,0.38,0.50,0.43,0.96,0.01,0.03
mnb,hr,True,0.77,0.39,0.50,0.44,0.96,0.02,0.03
mnb,hr,True,0.75,0.38,0.50,0.43,0.96,0.01,0.03
mnb,english,True,0.45,0.52,0.51,0.44,0.58,0.12,0.01
mnb,english,True,0.58,0.58,0.59,0.57,0.59,0.12,0.01
mnb,english,True,0.48,0.63,0.56,0.47,0.57,0.13,0.01
mnb,phishing,True,0.75,0.53,0.51,0.51,0.87,0.03,0.02
mnb,phishing,True,0.72,0.49,0.51,0.49,0.86,0.02,0.02
mnb,phishing,True,0.80,0.53,0.54,0.53,0.87,0.02,0.02
mnb,wine,True,0.42,0.06,0.14,0.08,0.52,0.02,0.06
mnb,wine,True,0.45,0.06,0.14,0.09,0.53,0.02,0.06
mnb,wine,True,0.46,0.08,0.17,0.10,0.52,0.02,0.06
mnb,congress,True,0.89,0.87,0.90,0.88,0.95,0.01,0.02
mnb,congress,True,0.91,0.91,0.92,0.91,0.95,0.02,0.02
mnb,congress,True,0.95,0.95,0.95,0.95,0.96,0.02,0.02
rf,student,True,0.93,0.92,0.82,0.86,0.63,0.02,0.12
rf,student,True,0.98,0.98,0.94,0.96,0.62,0.02,0.11
rf,student,True,0.94,0.93,0.81,0.85,0.62,0.02,0.10
rf,contraceptive,True,0.52,0.50,0.49,0.49,0.52,0.02,0.20
rf,contraceptive,True,0.49,0.46,0.46,0.46,0.53,0.02,0.19
rf,contraceptive,True,0.50,0.49,0.48,0.48,0.53,0.02,0.20
rf,autism,True,1.00,1.00,1.00,1.00,0.99,0.01,0.11
rf,autism,True,0.98,0.99,0.96,0.97,0.99,0.01,0.11
rf,autism,True,1.00,1.00,1.00,1.00,0.99,0.01,0.11
rf,bankruptcy,True,1.00,1.00,1.00,1.00,0.97,0.02,0.06
rf,bankruptcy,True,1.00,1.00,1.00,1.00,0.98,0.01,0.06
rf,bankruptcy,True,0.98,0.97,0.99,0.98,0.98,0.01,0.06
rf,breast_cancer,True,0.95,0.94,0.93,0.94,0.96,0.02,0.11
rf,breast_cancer,True,0.96,0.98,0.94,0.96,0.96,0.02,0.12
rf,breast_cancer,True,0.98,0.98,0.97,0.97,0.96,0.02,0.11
rf,horse,True,0.87,0.87,0.84,0.85,0.83,0.03,0.07
rf,horse,True,0.87,0.89,0.82,0.84,0.84,0.03,0.07
rf,horse,True,0.78,0.80,0.76,0.77,0.84,0.04,0.07
rf,hr,True,0.99,1.00,0.99,0.99,0.96,0.02,0.34
rf,hr,True,0.99,0.99,0.99,0.99,0.94,0.06,0.31
rf,hr,True,0.99,0.99,0.99,0.99,0.96,0.02,0.29
rf,english,True,0.45,0.43,0.44,0.43,0.58,0.11,0.05
rf,english,True,0.71,0.73,0.73,0.71,0.56,0.12,0.05
rf,english,True,0.61,0.62,0.60,0.60,0.59,0.11,0.06
rf,phishing,True,0.91,0.89,0.88,0.88,0.86,0.02,0.17
rf,phishing,True,0.88,0.87,0.82,0.84,0.86,0.01,0.20
rf,phishing,True,0.90,0.87,0.87,0.87,0.86,0.02,0.17
rf,wine,True,0.64,0.48,0.37,0.41,0.53,0.02,0.66
rf,wine,True,0.66,0.51,0.40,0.43,0.52,0.03,0.72
rf,wine,True,0.68,0.47,0.38,0.41,0.53,0.02,0.65
rf,congress,True,0.95,0.95,0.95,0.95,0.95,0.01,0.08
rf,congress,True,0.95,0.95,0.96,0.95,0.95,0.02,0.07
rf,congress,True,0.98,0.98,0.97,0.98,0.96,0.02,0.07
mlp,student,True,0.62,0.35,0.33,0.33,0.62,0.02,1.12
mlp,student,True,0.66,0.39,0.38,0.38,0.63,0.03,1.12
mlp,student,True,0.64,0.39,0.37,0.37,0.63,0.02,1.21
mlp,contraceptive,True,0.54,0.51,0.51,0.51,0.53,0.02,1.61
mlp,contraceptive,True,0.54,0.52,0.50,0.50,0.54,0.01,1.77
mlp,contraceptive,True,0.57,0.54,0.53,0.53,0.54,0.01,1.92
mlp,autism,True,0.99,1.00,0.98,0.99,0.98,0.01,1.02
mlp,autism,True,0.94,0.92,0.91,0.92,0.98,0.01,1.06
mlp,autism,True,0.96,0.95,0.95,0.95,0.99,0.01,1.02
mlp,bankruptcy,True,0.86,0.86,0.88,0.86,0.98,0.01,0.39
mlp,bankruptcy,True,0.84,0.83,0.84,0.83,0.97,0.02,0.39
mlp,bankruptcy,True,0.92,0.92,0.92,0.92,0.98,0.01,0.39
mlp,breast_cancer,True,0.96,0.97,0.95,0.96,0.96,0.02,0.87
mlp,breast_cancer,True,0.97,0.96,0.97,0.97,0.96,0.02,0.98
mlp,breast_cancer,True,0.95,0.94,0.96,0.95,0.96,0.02,0.83
mlp,horse,True,0.77,0.78,0.76,0.76,0.84,0.03,0.49
mlp,horse,True,0.80,0.78,0.78,0.78,0.85,0.03,0.52
mlp,horse,True,0.83,0.81,0.76,0.78,0.83,0.04,0.55
mlp,hr,True,0.97,0.97,0.96,0.96,0.96,0.02,2.97
mlp,hr,True,0.98,0.97,0.97,0.97,0.94,0.06,3.14
mlp,hr,True,0.98,0.98,0.95,0.96,0.97,0.01,3.12
mlp,english,True,0.42,0.39,0.43,0.39,0.56,0.12,0.32
mlp,english,True,0.55,0.54,0.58,0.53,0.59,0.11,0.32
mlp,english,True,0.55,0.54,0.54,0.54,0.58,0.12,0.31
mlp,phishing,True,0.87,0.83,0.70,0.73,0.86,0.02,1.90
mlp,phishing,True,0.85,0.70,0.65,0.66,0.87,0.02,1.88
mlp,phishing,True,0.88,0.80,0.73,0.75,0.87,0.02,1.89
mlp,wine,True,0.55,0.28,0.24,0.24,0.52,0.02,3.85
mlp,wine,True,0.55,0.36,0.27,0.28,0.52,0.02,3.25
mlp,wine,True,0.53,0.34,0.23,0.23,0.53,0.02,2.47
mlp,congress,True,0.98,0.97,0.98,0.98,0.96,0.02,0.41
mlp,congress,True,0.91,0.90,0.90,0.90,0.95,0.01,0.41
mlp,congress,True,0.93,0.92,0.93,0.93,0.96,0.02,0.41
svm knn mnb,student,True,0.55,0.26,0.18,0.14,0.62,0.02,0.12
svm knn mnb,student,True,0.49,0.08,0.17,0.11,0.63,0.02,0.12
svm knn mnb,student,True,0.54,0.09,0.16,0.12,0.62,0.02,0.12
svm knn mnb,contraceptive,True,0.49,0.53,0.44,0.43,0.53,0.01,0.23
svm knn mnb,contraceptive,True,0.54,0.51,0.51,0.51,0.53,0.02,0.25
svm knn mnb,contraceptive,True,0.45,0.43,0.40,0.37,0.52,0.01,0.24
svm knn mnb,autism,True,0.97,0.97,0.95,0.96,0.98,0.01,0.10
svm knn mnb,autism,True,0.96,0.97,0.95,0.96,0.99,0.01,0.08
svm knn mnb,autism,True,0.97,0.96,0.96,0.96,0.99,0.01,0.08
svm knn mnb,bankruptcy,True,1.00,1.00,1.00,1.00,0.97,0.04,0.04
svm knn mnb,bankruptcy,True,1.00,1.00,1.00,1.00,0.98,0.01,0.03
svm knn mnb,bankruptcy,True,1.00,1.00,1.00,1.00,0.98,0.01,0.04
svm knn mnb,breast_cancer,True,0.97,0.96,0.97,0.97,0.96,0.02,0.07
svm knn mnb,breast_cancer,True,0.96,0.96,0.96,0.96,0.96,0.02,0.07
svm knn mnb,breast_cancer,True,0.98,0.98,0.97,0.98,0.96,0.02,0.07
svm knn mnb,horse,True,0.80,0.76,0.75,0.75,0.83,0.04,0.04
svm knn mnb,horse,True,0.85,0.85,0.84,0.84,0.84,0.04,0.04
svm knn mnb,horse,True,0.78,0.77,0.77,0.77,0.85,0.03,0.04
svm knn mnb,hr,True,0.81,0.88,0.61,0.63,0.96,0.01,0.40
svm knn mnb,hr,True,0.84,0.89,0.60,0.62,0.94,0.06,0.37
svm knn mnb,hr,True,0.82,0.91,0.63,0.65,0.96,0.03,0.36
svm knn mnb,english,True,0.45,0.51,0.50,0.43,0.57,0.13,0.03
svm knn mnb,english,True,0.48,0.55,0.51,0.49,0.59,0.12,0.03
svm knn mnb,english,True,0.42,0.42,0.50,0.39,0.59,0.12,0.03
svm knn mnb,phishing,True,0.84,0.83,0.66,0.69,0.87,0.02,0.16
svm knn mnb,phishing,True,0.82,0.79,0.65,0.67,0.86,0.02,0.16
svm knn mnb,phishing,True,0.85,0.56,0.60,0.58,0.86,0.02,0.16
svm knn mnb,wine,True,0.49,0.47,0.21,0.20,0.52,0.02,1.91
svm knn mnb,wine,True,0.52,0.39,0.20,0.20,0.52,0.02,1.91
svm knn mnb,wine,True,0.52,0.42,0.20,0.19,0.52,0.02,1.92
svm knn mnb,congress,True,0.93,0.92,0.93,0.92,0.95,0.01,0.04
svm knn mnb,congress,True,0.95,0.95,0.95,0.95,0.95,0.01,0.05
svm knn mnb,congress,True,0.91,0.89,0.91,0.90,0.96,0.02,0.04
svm knn rf,student,True,0.68,0.68,0.38,0.44,0.62,0.02,0.22
svm knn rf,student,True,0.75,0.78,0.48,0.56,0.63,0.02,0.22
svm knn rf,student,True,0.66,0.56,0.34,0.37,0.62,0.02,0.21
svm knn rf,contraceptive,True,0.50,0.49,0.48,0.48,0.53,0.02,0.46
svm knn rf,contraceptive,True,0.50,0.46,0.47,0.47,0.53,0.01,0.42
svm knn rf,contraceptive,True,0.53,0.51,0.50,0.50,0.53,0.02,0.42
svm knn rf,autism,True,0.97,0.96,0.96,0.96,0.98,0.01,0.18
svm knn rf,autism,True,0.99,0.99,0.97,0.98,0.99,0.01,0.18
svm knn rf,autism,True,1.00,1.00,1.00,1.00,0.99,0.01,0.18
svm knn rf,bankruptcy,True,1.00,1.00,1.00,1.00,0.98,0.01,0.09
svm knn rf,bankruptcy,True,0.96,0.94,0.97,0.95,0.99,0.02,0.09
svm knn rf,bankruptcy,True,0.98,0.98,0.98,0.98,0.98,0.01,0.09
svm knn rf,breast_cancer,True,0.97,0.96,0.97,0.97,0.96,0.02,0.16
svm knn rf,breast_cancer,True,0.97,0.96,0.97,0.97,0.96,0.02,0.17
svm knn rf,breast_cancer,True,0.96,0.95,0.96,0.95,0.96,0.02,0.20
svm knn rf,horse,True,0.92,0.93,0.90,0.91,0.84,0.03,0.10
svm knn rf,horse,True,0.85,0.88,0.79,0.81,0.84,0.03,0.12
svm knn rf,horse,True,0.83,0.82,0.81,0.82,0.84,0.03,0.11
svm knn rf,hr,True,0.95,0.96,0.90,0.93,0.96,0.02,0.67
svm knn rf,hr,True,0.98,0.98,0.96,0.97,0.96,0.01,0.67
svm knn rf,hr,True,0.97,0.98,0.94,0.96,0.96,0.02,0.66
svm knn rf,english,True,0.45,0.44,0.48,0.45,0.58,0.12,0.07
svm knn rf,english,True,0.55,0.58,0.55,0.54,0.57,0.11,0.07
svm knn rf,english,True,0.52,0.52,0.53,0.51,0.58,0.12,0.07
svm knn rf,phishing,True,0.89,0.89,0.79,0.83,0.86,0.02,0.33
svm knn rf,phishing,True,0.87,0.83,0.76,0.78,0.87,0.02,0.32
svm knn rf,phishing,True,0.90,0.83,0.81,0.82,0.87,0.02,0.32
svm knn rf,wine,True,0.61,0.48,0.30,0.33,0.53,0.02,2.69
svm knn rf,wine,True,0.63,0.40,0.28,0.30,0.52,0.02,2.55
svm knn rf,wine,True,0.65,0.58,0.38,0.43,0.52,0.01,2.58
svm knn rf,congress,True,0.93,0.92,0.93,0.93,0.95,0.01,0.09
svm knn rf,congress,True,0.95,0.95,0.96,0.95,0.95,0.01,0.09
svm knn rf,congress,True,0.93,0.93,0.94,0.93,0.95,0.01,0.09
svm knn mlp,student,True,0.59,0.34,0.26,0.26,0.63,0.02,1.27
svm knn mlp,student,True,0.58,0.56,0.27,0.29,0.63,0.02,1.27
svm knn mlp,student,True,0.64,0.43,0.28,0.30,0.63,0.02,1.24
svm knn mlp,contraceptive,True,0.52,0.51,0.49,0.49,0.53,0.01,1.93
svm knn mlp,contraceptive,True,0.52,0.50,0.48,0.47,0.53,0.01,2.13
svm knn mlp,contraceptive,True,0.51,0.48,0.47,0.48,0.52,0.02,1.86
svm knn mlp,autism,True,0.97,0.97,0.96,0.97,0.98,0.01,1.09
svm knn mlp,autism,True,0.99,0.99,0.98,0.98,0.98,0.01,1.17
svm knn mlp,autism,True,0.98,0.98,0.97,0.97,0.98,0.01,1.18
svm knn mlp,bankruptcy,True,0.94,0.93,0.95,0.94,0.96,0.04,0.42
svm knn mlp,bankruptcy,True,0.90,0.90,0.92,0.90,0.98,0.01,0.41
svm knn mlp,bankruptcy,True,0.92,0.93,0.92,0.92,0.96,0.04,0.42
svm knn mlp,breast_cancer,True,0.94,0.92,0.94,0.93,0.96,0.02,0.92
svm knn mlp,breast_cancer,True,0.97,0.97,0.97,0.97,0.96,0.02,0.94
svm knn mlp,breast_cancer,True,0.96,0.95,0.96,0.95,0.96,0.02,1.02
svm knn mlp,horse,True,0.83,0.84,0.81,0.82,0.84,0.03,0.70
svm knn mlp,horse,True,0.92,0.92,0.91,0.91,0.84,0.04,0.47
svm knn mlp,horse,True,0.88,0.86,0.87,0.87,0.84,0.04,0.46
svm knn mlp,hr,True,0.96,0.96,0.93,0.94,0.94,0.05,3.53
svm knn mlp,hr,True,0.96,0.95,0.93,0.94,0.96,0.01,3.91
svm knn mlp,hr,True,0.97,0.97,0.94,0.95,0.96,0.02,3.65
svm knn mlp,english,True,0.48,0.52,0.49,0.48,0.58,0.12,0.33
svm knn mlp,english,True,0.45,0.51,0.49,0.45,0.59,0.12,0.32
svm knn mlp,english,True,0.71,0.71,0.70,0.70,0.57,0.12,0.33
svm knn mlp,phishing,True,0.86,0.77,0.69,0.71,0.86,0.02,2.03
svm knn mlp,phishing,True,0.83,0.78,0.67,0.69,0.87,0.02,2.04
svm knn mlp,phishing,True,0.84,0.76,0.65,0.66,0.86,0.02,1.99
svm knn mlp,wine,True,0.53,0.45,0.24,0.24,0.52,0.02,4.72
svm knn mlp,wine,True,0.55,0.39,0.23,0.23,0.52,0.02,5.26
svm knn mlp,wine,True,0.55,0.36,0.24,0.26,0.52,0.02,5.25
svm knn mlp,congress,True,0.98,0.95,0.99,0.97,0.95,0.01,0.43
svm knn mlp,congress,True,0.98,0.97,0.98,0.98,0.95,0.01,0.42
